[gd_scene load_steps=20 format=3 uid="uid://bf7ilaj31my6u"]

[ext_resource type="PackedScene" uid="uid://btlyf01n8tpe2" path="res://characters/Mage.glb" id="1_wdthn"]
[ext_resource type="Script" path="res://mage.gd" id="2_dobwt"]

[sub_resource type="AnimationNodeAnimation" id="AnimationNodeAnimation_r8xj1"]
animation = &"Idle"

[sub_resource type="AnimationNodeAnimation" id="AnimationNodeAnimation_p5yt2"]
animation = &"Running_A"

[sub_resource type="AnimationNodeAnimation" id="AnimationNodeAnimation_7fhl5"]
animation = &"Walking_Backwards"

[sub_resource type="AnimationNodeAnimation" id="AnimationNodeAnimation_4ex5d"]
animation = &"Running_Strafe_Right"

[sub_resource type="AnimationNodeAnimation" id="AnimationNodeAnimation_c7idy"]
animation = &"Running_Strafe_Left"

[sub_resource type="AnimationNodeBlendSpace2D" id="AnimationNodeBlendSpace2D_uawad"]
blend_point_0/node = SubResource("AnimationNodeAnimation_r8xj1")
blend_point_0/pos = Vector2(0, 0)
blend_point_1/node = SubResource("AnimationNodeAnimation_p5yt2")
blend_point_1/pos = Vector2(0, 0.9)
blend_point_2/node = SubResource("AnimationNodeAnimation_7fhl5")
blend_point_2/pos = Vector2(0, -0.9)
blend_point_3/node = SubResource("AnimationNodeAnimation_4ex5d")
blend_point_3/pos = Vector2(1, 0)
blend_point_4/node = SubResource("AnimationNodeAnimation_c7idy")
blend_point_4/pos = Vector2(-1, 0)

[sub_resource type="AnimationNodeAnimation" id="AnimationNodeAnimation_en2ra"]
animation = &"Jump_Idle"

[sub_resource type="AnimationNodeAnimation" id="AnimationNodeAnimation_0q5bq"]
animation = &"Jump_Land"

[sub_resource type="AnimationNodeAnimation" id="AnimationNodeAnimation_pfi1g"]
animation = &"Jump_Start"

[sub_resource type="AnimationNodeStateMachineTransition" id="AnimationNodeStateMachineTransition_d6pce"]
advance_mode = 2

[sub_resource type="AnimationNodeStateMachineTransition" id="AnimationNodeStateMachineTransition_2tydp"]
advance_mode = 2
advance_condition = &"jumping"

[sub_resource type="AnimationNodeStateMachineTransition" id="AnimationNodeStateMachineTransition_i7gry"]
switch_mode = 2
advance_mode = 2

[sub_resource type="AnimationNodeStateMachineTransition" id="AnimationNodeStateMachineTransition_fxwix"]
advance_mode = 2
advance_condition = &"grounded"

[sub_resource type="AnimationNodeStateMachineTransition" id="AnimationNodeStateMachineTransition_srh6s"]
xfade_time = 0.1
switch_mode = 2
advance_mode = 2

[sub_resource type="AnimationNodeStateMachineTransition" id="AnimationNodeStateMachineTransition_6bvpl"]

[sub_resource type="AnimationNodeStateMachine" id="AnimationNodeStateMachine_x1v77"]
states/IWR/node = SubResource("AnimationNodeBlendSpace2D_uawad")
states/IWR/position = Vector2(311.195, 56.6667)
states/Jump_Idle/node = SubResource("AnimationNodeAnimation_en2ra")
states/Jump_Idle/position = Vector2(365.861, 220.667)
states/Jump_Land/node = SubResource("AnimationNodeAnimation_0q5bq")
states/Jump_Land/position = Vector2(444.528, 150)
states/Jump_Start/node = SubResource("AnimationNodeAnimation_pfi1g")
states/Jump_Start/position = Vector2(268.528, 152.667)
states/Start/position = Vector2(176, 118.667)
transitions = ["Start", "IWR", SubResource("AnimationNodeStateMachineTransition_d6pce"), "IWR", "Jump_Start", SubResource("AnimationNodeStateMachineTransition_2tydp"), "Jump_Start", "Jump_Idle", SubResource("AnimationNodeStateMachineTransition_i7gry"), "Jump_Idle", "Jump_Land", SubResource("AnimationNodeStateMachineTransition_fxwix"), "Jump_Land", "IWR", SubResource("AnimationNodeStateMachineTransition_srh6s"), "IWR", "Jump_Idle", SubResource("AnimationNodeStateMachineTransition_6bvpl")]
graph_offset = Vector2(137.861, 0)

[sub_resource type="CapsuleShape3D" id="CapsuleShape3D_ax1t4"]
height = 2.4

[node name="Mage" instance=ExtResource("1_wdthn")]
transform = Transform3D(0.99977, 0.0214659, 0, -0.0214659, 0.99977, 0, 0, 0, 1, 0, 0, 0)
script = ExtResource("2_dobwt")

[node name="Rig" parent="." index="0"]
transform = Transform3D(-0.970492, -0.0423081, -0.237394, -0.0423081, 0.999092, -0.00509705, 0.237394, 0.00509704, -0.9714, 0, 0, 0)

[node name="Skeleton3D" parent="Rig" index="0"]
transform = Transform3D(-1, 0, -8.74228e-08, 0, 1, 0, 8.74228e-08, 0, -1, 0, 0, 0)
bones/0/position = Vector3(0, 4.87012e-05, 0)
bones/1/position = Vector3(-2.42062e-20, 0.368459, -5.77121e-27)
bones/1/rotation = Quaternion(0.00132608, 0.0425906, -5.65274e-05, 0.999092)
bones/2/rotation = Quaternion(0.00149153, -0.000270371, 2.12787e-05, 0.999999)
bones/3/rotation = Quaternion(0.000554221, -4.42755e-06, -2.27967e-05, 1)
bones/4/position = Vector3(0.211812, 0.133909, -0.000592673)
bones/4/rotation = Quaternion(-0.55407, -0.0586756, -0.639098, 0.530205)
bones/4/scale = Vector3(0.999999, 0.999999, 1)
bones/5/rotation = Quaternion(2.58536e-08, -5.11166e-08, -0.509629, 0.860394)
bones/6/rotation = Quaternion(-9.73784e-11, -2.98437e-10, 0.0266581, 0.999645)
bones/6/scale = Vector3(1, 1, 1)
bones/7/rotation = Quaternion(-0.315603, -0.340399, 0.142356, 0.874219)
bones/8/position = Vector3(-7.3268e-10, 0.0961252, -0.0575)
bones/8/rotation = Quaternion(0.000571724, 0.00201024, -0.700329, 0.713817)
bones/8/scale = Vector3(1, 1, 1)
bones/9/rotation = Quaternion(-8.95373e-08, 0.707107, 0.707107, -9.81383e-08)
bones/10/rotation = Quaternion(-8.95373e-08, 0.707107, 0.707107, -9.81383e-08)
bones/11/position = Vector3(-0.211865, 0.133935, -0.000606901)
bones/11/rotation = Quaternion(-0.611888, 0.079088, 0.615011, 0.491018)
bones/11/scale = Vector3(0.999999, 0.999999, 1)
bones/12/rotation = Quaternion(3.5917e-08, 4.11835e-08, 0.532116, 0.846671)
bones/13/rotation = Quaternion(-9.73784e-11, 2.98437e-10, -0.0266581, 0.999645)
bones/13/scale = Vector3(1, 1, 1)
bones/14/rotation = Quaternion(-0.314257, 0.316322, -0.223873, 0.866639)
bones/15/position = Vector3(-1.47563e-08, 0.0961251, -0.0575)
bones/15/rotation = Quaternion(0.00323531, 0.00397512, 0.700965, 0.713177)
bones/15/scale = Vector3(1, 1, 1)
bones/18/rotation = Quaternion(-0.00172063, -0.0310784, -4.41438e-05, 0.999515)
bones/19/rotation = Quaternion(-0.130526, -7.04464e-15, -9.27445e-16, 0.991445)
bones/21/position = Vector3(0.170945, 0.113587, 0.000667753)
bones/21/rotation = Quaternion(0.989082, 0.0821917, 0.0783527, 0.0939265)
bones/21/scale = Vector3(1, 1, 1)
bones/22/rotation = Quaternion(0.408162, 5.82938e-08, -2.75112e-07, 0.91291)
bones/23/rotation = Quaternion(-0.623918, -0.198279, 0.0758205, 0.752106)
bones/24/rotation = Quaternion(-1.00133e-08, 0.920355, -0.391084, 7.8193e-08)
bones/24/scale = Vector3(1, 1, 1)
bones/25/position = Vector3(-0.170945, 0.113587, -0.000667721)
bones/25/rotation = Quaternion(0.991283, -0.0330708, 0.0293313, 0.124115)
bones/25/scale = Vector3(1, 1, 1)
bones/26/rotation = Quaternion(0.442865, -5.81407e-08, 3.10423e-07, 0.896588)
bones/27/rotation = Quaternion(-0.649323, 0.111031, -0.023042, 0.752011)
bones/28/rotation = Quaternion(2.97327e-08, 0.919462, -0.393179, -6.94686e-08)
bones/28/scale = Vector3(1, 1, 1)
bones/29/position = Vector3(0.170945, 0.293528, 0.57703)
bones/29/rotation = Quaternion(0.707107, -2.29302e-07, -4.60552e-08, 0.707107)
bones/30/position = Vector3(0.201771, 0.0260043, 0.204525)
bones/30/rotation = Quaternion(-0.702798, -7.08611e-08, -7.01934e-08, 0.71139)
bones/31/rotation = Quaternion(9.53212e-09, 1.75637e-09, 0.986091, -0.166204)
bones/32/position = Vector3(-2.56575e-08, 0.213436, -5.1035e-09)
bones/32/rotation = Quaternion(-1.0131e-07, 0.391084, 0.920355, -3.34568e-08)
bones/33/position = Vector3(8.39394e-09, 0.16565, -2.44489e-09)
bones/34/rotation = Quaternion(1, -2.30071e-09, 1.9971e-07, -1.32446e-15)
bones/36/position = Vector3(-0.170945, 0.293528, 0.57703)
bones/36/rotation = Quaternion(0.707107, -3.82385e-08, 1.45009e-07, 0.707107)
bones/37/position = Vector3(-0.170945, 0.0252283, 0.243503)
bones/37/rotation = Quaternion(-0.705626, -7.0694e-08, -7.03627e-08, 0.708584)
bones/38/position = Vector3(1.94581e-08, 0.362833, 7.83764e-10)
bones/38/rotation = Quaternion(-5.75942e-09, 6.354e-10, 0.994945, 0.100423)
bones/39/position = Vector3(-1.09523e-08, 0.213436, 2.82102e-10)
bones/39/rotation = Quaternion(-1.05772e-07, 0.391084, 0.920355, -2.59124e-08)
bones/40/position = Vector3(-6.31128e-09, 0.16565, 2.97142e-09)
bones/40/rotation = Quaternion(-0.391084, -6.885e-08, -6.56287e-08, 0.920355)
bones/41/rotation = Quaternion(1, 3.71575e-09, 1.94877e-07, 7.35261e-09)
bones/43/position = Vector3(0.453507, 1.10413, -0.590174)
bones/43/rotation = Quaternion(-0.707107, -7.27951e-08, -7.27951e-08, 0.707107)
bones/44/position = Vector3(0.52074, 0.77047, -0.0546378)
bones/44/rotation = Quaternion(0.797799, 0.00681505, 0.602884, 0.00117183)
bones/45/position = Vector3(-0.453507, 1.10413, -0.590175)
bones/45/rotation = Quaternion(-0.707107, -7.27951e-08, -7.27951e-08, 0.707107)
bones/46/position = Vector3(-0.510874, 0.770469, 0.061193)
bones/46/rotation = Quaternion(0.762054, -0.00632142, -0.647481, 0.00113841)

[node name="Spellbook" parent="Rig/Skeleton3D" index="0"]
transform = Transform3D(0.00986108, 0.963921, 0.266004, -0.999911, 0.0118728, -0.00595241, -0.00889631, -0.265922, 0.963953, 0.580173, 0.618106, 0.241427)
visible = false

[node name="Spellbook" parent="Rig/Skeleton3D/Spellbook" index="0"]
visible = false

[node name="Spellbook_open" parent="Rig/Skeleton3D" index="1"]
transform = Transform3D(0.00986108, 0.963921, 0.266004, -0.999911, 0.0118728, -0.00595241, -0.00889631, -0.265922, 0.963953, 0.548159, 0.618822, 0.125414)
visible = false

[node name="1H_Wand" parent="Rig/Skeleton3D" index="2"]
transform = Transform3D(0.00611426, -0.16701, 0.985936, 0.99997, -0.00357667, -0.00680787, 0.00466393, 0.985948, 0.166983, -0.492151, 0.62367, 0.109232)

[node name="2H_Staff" parent="Rig/Skeleton3D" index="3"]
transform = Transform3D(0.00611426, -0.16701, 0.985936, 0.99997, -0.00357667, -0.00680787, 0.00466393, 0.985948, 0.166983, -0.492151, 0.62367, 0.109232)
visible = false

[node name="2H_Staff" parent="Rig/Skeleton3D/2H_Staff" index="0"]
visible = false

[node name="Mage_Hat" parent="Rig/Skeleton3D" index="4"]
transform = Transform3D(0.999747, -0.00535724, 0.0218467, -0.000405724, 0.966772, 0.255639, -0.0224903, -0.255583, 0.966525, 0.000622109, 1.74693, 0.00620232)

[node name="Mage_Hat" parent="Rig/Skeleton3D/Mage_Hat" index="0"]
transform = Transform3D(0.999999, -0.000177816, 0.00141956, 0.000177808, 1, 1.30534e-05, -0.00141959, -1.2815e-05, 0.999999, 0.1153, -0.0686221, 0.0141441)

[node name="Mage_Cape" parent="Rig/Skeleton3D" index="5"]
transform = Transform3D(0.996419, 0.000575731, 0.0845547, -5.32728e-06, 0.999977, -0.00674604, -0.0845566, 0.00672143, 0.996396, 0.000347114, 1.17871, 0.00425037)

[node name="Mage_Cape" parent="Rig/Skeleton3D/Mage_Cape" index="0"]
transform = Transform3D(0.999065, -0.000165868, -0.0432289, 0.00020669, 1, 0.000939668, 0.0432287, -0.000947722, 0.999065, -0.00197479, 0.0120684, -0.000326564)

[node name="Mage_Body" parent="Rig/Skeleton3D" index="8"]
transform = Transform3D(1, 0, 0, 0, 1, 0, 0, 0, 1, 0.0464956, -0.0830512, -0.0817428)

[node name="Mage_Head" parent="Rig/Skeleton3D" index="9"]
transform = Transform3D(1, 0, 0, 0, 1, 0, 0, 0, 1, 0.0968471, -0.0625778, -0.0139527)

[node name="Mage_LegRight" parent="Rig/Skeleton3D" index="11"]
transform = Transform3D(1, 0, 0, 0, 1, 0, 0, 0, 1, 0, 0.0182293, 0.0275429)

[node name="AnimationTree" type="AnimationTree" parent="." index="2"]
tree_root = SubResource("AnimationNodeStateMachine_x1v77")
anim_player = NodePath("../AnimationPlayer")
parameters/conditions/grounded = false
parameters/conditions/jumping = false
parameters/IWR/blend_position = Vector2(0, 0.0118344)

[node name="CollisionShape3D" type="CollisionShape3D" parent="." index="3"]
transform = Transform3D(0.9981, 0.061606, 0, -0.061606, 0.9981, 0, 0, 0, 1, 0.0617308, 1.21254, 0.16)
shape = SubResource("CapsuleShape3D_ax1t4")

[node name="SpringArm3D" type="SpringArm3D" parent="." index="4"]
transform = Transform3D(1, 0, 0, 0, 0.819152, 0.573576, 0, -0.573576, 0.819152, 0, 4, 2)
spring_length = 3.0
margin = 1.0

[node name="Camera3D" type="Camera3D" parent="SpringArm3D" index="0"]
transform = Transform3D(1, 3.72529e-09, 0, -3.72529e-09, 1, 0, 0, 0, 1, 1, -22, 0)
near = 0.006
